%YAML:1.0
extrinsicRotation: !!opencv-matrix
   rows: 3
   cols: 3
   dt: d
   data: [ 1.4666324140793829e-02, -9.9988948847594228e-01,
       -2.4310021628149410e-03, 9.9983112318310041e-01,
       1.4638455678543161e-02, 1.1110388371579065e-02,
       -1.1073574428212440e-02, -2.5935401800954933e-03,
       9.9993532265777929e-01 ]
extrinsicTranslation: !!opencv-matrix
   rows: 3
   cols: 1
   dt: d
   data: [ -9.7984759215602752e-03, -5.1795231759395099e-02,
       -4.0354938598901151e-03 ]
